"AtraAlt" <-
structure(list(June = c(0.3799999952, 0.05, 0.00999999978, 0.02999999933, 
0.02999999933, 0.05000000075, 0.01999999955, 0.00999999978, 0.00999999978, 
0.00999999978, 0.1099999994, 0.09000000358, 0.00999999978, 0.00999999978, 
0.00999999978, 0.00999999978, 0.01999999955, 0.05, 0.01999999955, 
0.01999999955, 0.05000000075, 0.02999999933, 0.05000000075, 0.00999999978
), Sept = c(2.660000086, 0.6299999952, 0.5899999738, 0.05000000075, 
0.8399999738, 0.5799999833, 0.01999999955, 0.00999999978, 0.00999999978, 
0.00999999978, 0.09000000358, 0.3100000024, 0.01999999955, 0.00999999978, 
0.5, 0.02999999933, 0.09000000358, 0.05999999866, 0.02999999933, 
0.00999999978, 0.1000000015, 0.25, 0.05, 88.36000061), JuneCen = as.logical(c(0, 
1, 1, 0, 0, 0, 0, 1, 1, 1, 0, 0, 1, 1, 1, 1, 0, 1, 0, 0, 0, 0, 
0, 1)), SeptCen = as.logical(c(0, 0, 0, 0, 0, 0, 0, 1, 1, 1, 
0, 0, 0, 1, 0, 0, 0, 0, 0, 1, 0, 0, 1, 0))), .Names = c("June", 
"Sept", "JuneCen", "SeptCen"), class = "data.frame", row.names = c("1", 
"2", "3", "4", "5", "6", "7", "8", "9", "10", "11", "12", "13", 
"14", "15", "16", "17", "18", "19", "20", "21", "22", "23", "24"
))
