"Bloodlead" <-
structure(list(BloodPb = c(0.02, 0.02, 0.02, 0.02, 0.02, 0.018644068, 
0.02, 0.02, 0.02, 0.033962264, 0.02, 0.02, 0.02, 0.02, 0.106060606, 
0.174074074, 0.02, 0.023529412, 0.01372549, 0.268965517, 0.049152542, 
0.015517241, 0.02, 0.024528302, 0.02, 0.17704918, 0.014285714
), BloodPbCen = as.logical(c(1, 1, 1, 1, 1, 0, 1, 1, 1, 0, 1, 
1, 1, 1, 0, 0, 1, 0, 0, 0, 0, 0, 1, 0, 1, 0, 0)), Blood0 = c(0, 
0, 0, 0, 0, 0.018644068, 0, 0, 0, 0.033962264, 0, 0, 0, 0, 0.106060606, 
0.174074074, 0, 0.023529412, 0.01372549, 0.268965517, 0.049152542, 
0.015517241, 0, 0.024528302, 0, 0.17704918, 0.014285714)), .Names = c("BloodPb", 
"BloodPbCen", "Blood0"), class = "data.frame", row.names = c("1", 
"2", "3", "4", "5", "6", "7", "8", "9", "10", "11", "12", "13", 
"14", "15", "16", "17", "18", "19", "20", "21", "22", "23", "24", 
"25", "26", "27"))
