"Cadmium" <-
structure(list(Cd = c(81.3, 3.5, 4.6, 0.6, 2.9, 3, 4.9, 0.6, 
3.4, 0.4, 0.8, 0.3, 0.4, 0.4, 0.4, 1.4, 0.6, 0.7, 0.2), Region = structure(as.integer(c(2, 
2, 2, 2, 2, 2, 2, 2, 2, 1, 1, 1, 1, 1, 1, 1, 1, 1, 2)), .Label = c("COLOPLT", 
"SRKYMT"), class = "factor"), CdCen = as.logical(c(0, 0, 0, 0, 
0, 0, 0, 0, 0, 0, 0, 1, 0, 0, 1, 0, 1, 0, 1))), .Names = c("Cd", 
"Region", "CdCen"), class = "data.frame", row.names = c("1", 
"2", "3", "4", "5", "6", "7", "8", "9", "10", "11", "12", "13", 
"14", "15", "16", "17", "18", "19"))
