"CuZn" <-
structure(list(Cu = as.integer(c(1, 1, 3, 3, 5, 1, 4, 4, 2, 2, 
1, 2, 5, 11, 1, 2, 2, 2, 2, 20, 2, 2, 3, 3, NA, 20, 10, 7, 5, 
2, 2, 10, 7, 12, 1, 20, NA, NA, 16, 5, 1, 2, 5, 3, 2, 8, 7, 5, 
5, 2, 10, 5, 5, 2, 10, 2, 4, 5, 2, 3, 9, 5, 2, 2, 2, 2, 1, 1, 
2, 2, 12, 2, 1, 10, 10, 4, 10, 1, 1, 2, 2, 1, 2, 10, 3, 1, 1, 
1, 3, 5, NA, 17, 23, 9, 9, 3, 3, 15, 5, 4, 5, 5, 5, 4, 8, 1, 
15, 3, 3, 1, 6, 3, 6, 3, 4, 5, 14, 4)), CuCen = as.logical(c(1, 
1, 0, 0, 0, 0, 0, 0, 0, 0, 0, 0, 1, 0, 1, 0, 0, 0, 0, 1, 0, 0, 
0, 0, NA, 1, 1, 0, 0, 0, 0, 1, 0, 0, 1, 0, NA, NA, 0, 1, 0, 0, 
1, 0, 0, 0, 0, 0, 1, 0, 1, 1, 1, 0, 0, 0, 0, 1, 0, 0, 0, 1, 0, 
0, 0, 0, 0, 0, 0, 0, 0, 0, 0, 1, 1, 0, 1, 1, 0, 1, 1, 0, 0, 1, 
0, 1, 0, 0, 0, 1, NA, 0, 0, 0, 0, 0, 0, 1, 1, 0, 1, 1, 1, 0, 
0, 0, 0, 0, 0, 0, 0, 0, 0, 0, 0, 0, 0, 0)), Zn = as.integer(c(10, 
9, NA, 5, 18, 10, 12, 10, 11, 11, 19, 8, 3, 10, 10, 10, 10, 10, 
10, 10, 10, 10, 10, 10, 10, 10, 10, 10, 20, 20, 10, 20, 20, 20, 
10, 10, 20, 620, 40, 50, 33, 10, 20, 10, 10, 10, 30, 20, 10, 
20, 20, 20, 10, 20, 23, 17, 10, 10, 10, 20, 29, 20, 10, 10, 10, 
10, 7, 10, 20, 10, 60, 20, 12, 8, 10, 14, 10, 17, 3, 11, 5, 12, 
4, 3, 6, 3, 15, 13, 4, 20, 20, 70, 60, 40, 30, 40, 17, 10, 20, 
20, 5, 10, 50, 30, 25, 10, 10, 40, 20, 10, 20, 20, 30, 20, 30, 
50, 90, 20)), ZnCen = as.logical(c(1, 0, NA, 0, 0, 1, 0, 0, 0, 
0, 0, 0, 1, 1, 1, 0, 0, 0, 0, 1, 0, 1, 0, 1, 0, 1, 0, 0, 0, 0, 
1, 0, 0, 0, 1, 0, 0, 0, 0, 0, 0, 0, 0, 0, 0, 0, 0, 0, 0, 0, 0, 
0, 1, 0, 0, 0, 0, 1, 0, 0, 0, 0, 1, 0, 1, 0, 0, 1, 0, 0, 0, 0, 
0, 0, 1, 0, 1, 0, 1, 0, 0, 0, 0, 0, 0, 0, 0, 0, 0, 0, 0, 0, 0, 
0, 0, 0, 0, 0, 0, 0, 0, 0, 0, 0, 0, 1, 0, 0, 0, 0, 0, 0, 0, 0, 
0, 0, 0, 0)), Zone = structure(as.integer(c(1, 1, 1, 1, 1, 1, 
1, 1, 1, 1, 1, 1, 1, 1, 1, 1, 1, 1, 1, 1, 1, 1, 1, 1, 1, 1, 1, 
1, 1, 1, 1, 1, 1, 1, 1, 1, 1, 1, 1, 1, 1, 1, 1, 1, 1, 1, 1, 1, 
1, 1, 1, 1, 1, 1, 1, 1, 1, 1, 1, 1, 1, 1, 1, 1, 1, 1, 1, 1, 2, 
2, 2, 2, 2, 2, 2, 2, 2, 2, 2, 2, 2, 2, 2, 2, 2, 2, 2, 2, 2, 2, 
2, 2, 2, 2, 2, 2, 2, 2, 2, 2, 2, 2, 2, 2, 2, 2, 2, 2, 2, 2, 2, 
2, 2, 2, 2, 2, 2, 2)), .Label = c("AlluvialFan", "BasinTrough"
), class = "factor")), .Names = c("Cu", "CuCen", "Zn", "ZnCen", 
"Zone"), class = "data.frame", row.names = c("1", "2", "3", "4", 
"5", "6", "7", "8", "9", "10", "11", "12", "13", "14", "15", 
"16", "17", "18", "19", "20", "21", "22", "23", "24", "25", "26", 
"27", "28", "29", "30", "31", "32", "33", "34", "35", "36", "37", 
"38", "39", "40", "41", "42", "43", "44", "45", "46", "47", "48", 
"49", "50", "51", "52", "53", "54", "55", "56", "57", "58", "59", 
"60", "61", "62", "63", "64", "65", "66", "67", "68", "69", "70", 
"71", "72", "73", "74", "75", "76", "77", "78", "79", "80", "81", 
"82", "83", "84", "85", "86", "87", "88", "89", "90", "91", "92", 
"93", "94", "95", "96", "97", "98", "99", "100", "101", "102", 
"103", "104", "105", "106", "107", "108", "109", "110", "111", 
"112", "113", "114", "115", "116", "117", "118"))
