"DFe" <-
structure(list(Year = as.integer(c(1977, 1978, 1979, 1980, 1981, 
1982, 1983, 1984, 1985)), YearCen = as.logical(c(0, 0, 0, 0, 
0, 0, 0, 0, 0)), Summer = as.integer(c(20, 10, 10, 10, 10, 7, 
3, 3, 3)), SummerCen = as.logical(c(0, 1, 1, 1, 1, 0, 0, 1, 1
))), .Names = c("Year", "YearCen", "Summer", "SummerCen"), class = "data.frame", row.names = c("1", 
"2", "3", "4", "5", "6", "7", "8", "9"))
