"MDCu" <-
structure(list(Cu = as.integer(c(1, 1, 3, 3, 5, 1, 4, 4, 2, 2, 
1, 2, 5, 11, 1, 2, 2, 2, 2, 20, 2, 2, 3, 3, 21, 10, 7, 5, 2, 
2, 10, 7, 12, 1, 20, 16, 5, 1, 2, 5, 3, 2, 8, 7, 5, 5, 2, 10, 
5, 5, 2, 10, 2, 4, 5, 2, 3, 9, 5, 2, 2, 2, 2, 1, 1)), CuCen = as.logical(c(1, 
1, 0, 0, 0, 0, 0, 0, 0, 0, 0, 0, 1, 0, 1, 0, 0, 0, 0, 1, 0, 0, 
0, 0, 1, 1, 0, 0, 0, 0, 1, 0, 0, 1, 0, 0, 1, 0, 0, 1, 0, 0, 0, 
0, 0, 1, 0, 1, 1, 1, 0, 0, 0, 0, 1, 0, 0, 0, 1, 0, 0, 0, 0, 0, 
0))), .Names = c("Cu", "CuCen"), class = "data.frame", row.names = c("1", 
"2", "3", "4", "5", "6", "7", "8", "9", "10", "11", "12", "13", 
"14", "15", "16", "17", "18", "19", "20", "21", "22", "23", "24", 
"25", "26", "27", "28", "29", "30", "31", "32", "33", "34", "35", 
"36", "37", "38", "39", "40", "41", "42", "43", "44", "45", "46", 
"47", "48", "49", "50", "51", "52", "53", "54", "55", "56", "57", 
"58", "59", "60", "61", "62", "63", "64", "65"))
