"Recon" <-
structure(list(Area = as.integer(c(523, 523, 231, 231, 231, 231, 
231, 231, 1469, 1469, 1469, 1469, 407, 407, 407, 407, 407, 1383, 
1383, 1383, 1383, 13289, 13289, 13289, 13289, 334, 334, 334, 
334, 3116, 3116, 3116, 803, 803, 803, 803, 1352, 1352, 1352, 
1352, 733, 733, 733, 733, 1173, 1173, 2044, 2044, 2044, 2044, 
2044, 2217, 2217, 378, 378, 378, 378, 2056, 2056, 2056, 2056, 
2056, 21285, 21285, 21285, 591, 591, 3926, 3926, 3157, 3157, 
3157, 3157, 3157, 6330, 6330, 844, 844, 844, 477, 477, 1228, 
1228, 1228, 1228, 1383, 1383, 759, 759, 759, 10000, 10000, 10000, 
10000, 591, 591, 591, 591, 7998, 7998, 7998, 7998, 492, 492, 
492, 492, 492, 1062, 1062, 1062, 1062, 1062, 860, 860, 860, 860, 
16395, 16395, 3240, 3240, 2396, 6527, 6527, 6527, 3522, 3522, 
2344, 2344, 2344, 1805, 1805, 1805, 3315, 3315, 3315, 3315, 2849, 
2849, 41958, 41958, 41958, 264, 264, 264, 16162, 16162, 16162, 
16162, 1145, 1145, 1145, 262, 1665, 1665, 5387, 5387, 334, 334, 
1994, 1994, 1994, 477, 477, 26936, 26936, 26936, 26936, 458, 
458, 458, 458, 458, 697, 697, 697, 1336, 1336, 2714, 2714, 2714, 
2714, 2714, 8651, 8651, 8651, 8651, 8651, 2678, 2678, 1002, 1002, 
1002, 1002, 2846, 2846, 2846, 378, 378, 1111, 7236, 7236, 7236, 
521, 521, 793, 1362, 1362, 785, 1153, 1153, 715, 715, 4235, 4235, 
1891, 1891, 1891, 1891, 11145, 11145, 11145, 11145, 11145, 11145, 
3160, 3160, 3160, 3160, 3553, 3553, 10852, 10852, 10852, 10852, 
10852, 10852, 1847, 1847, 8912, 8912, 8912, 8912, 8912, 1606, 
1606, 922, 922, 922, 4608, 4608, 4608, 1163, 1163, 5416, 5416, 
5416, 5416, 5416, 5416, 319, 319, 839, 839, 839, 839, 839, 21391, 
21391, 326, 497, 497, 497, 6843, 6843, 6843, 2776, 2776, 2776, 
2776, 2776, 6781, 6781, 6781, 6781, 554, 554, 13191, 13191, 1696, 
1696, 2248, 2248, 2248, 2248, 2248, 3445, 3445, 3445, 3445, 5025, 
5025, 1904, 1904, 1904, 1904, 1904, 1202, 1202, 5618, 5618, 49148, 
49148, 49148, 787, 787, 4608, 4608, 4608, 2608, 5172, 5172, 5172, 
10096, 10096, 13509, 21818, 21818, 21818, 528, 1103, 1103, 1103, 
6475, 6475, 6475, 6475, 6475, 1733, 1733, 1733, 1733, 1733, 2256, 
2256, 2256, 2256, 2256, 2256, 2256, 1831, 1831, 181, 181, 181, 
699, 699, 1295, 544, 544, 1166, 1166, 1166, 433, 433, 433, 433, 
433, 702, 702, 702, 702, 702, 702, 7268, 7268, 2054, 2054, 715, 
715, 715, 3471, 3471, 3471, 3471, 3419, 3419, 3419, 3419, 3419, 
637, 637, 995, 995, 995, 894, 894, 3124, 3124, 3124, 11518, 11518, 
11518, 11518, 11518, 6087, 6087, 6087, 6087, 1062, 1062, 1062, 
1062, 818, 1116, 1116, 17819, 471, 471, 471, 435, 435, 2901, 
2901)), Applic = c(19, 19, 25.4, 25.4, 25.4, 25.4, 25.4, 25.4, 
27.4, 27.4, 27.4, 27.4, 26.6, 26.6, 26.6, 26.6, 26.6, 27.7, 27.7, 
27.7, 27.7, 25.1, 25.1, 25.1, 25.1, 31.8, 31.8, 31.8, 31.8, 27.2, 
27.2, 27.2, 32.6, 32.6, 32.6, 32.6, 29, 29, 29, 29, 14.4, 14.4, 
14.4, 14.4, 28.7, 28.7, 29.6, 29.6, 29.6, 29.6, 29.6, 33.9, 33.9, 
41.6, 41.6, 41.6, 41.6, 42.6, 42.6, 42.6, 42.6, 42.6, 34.2, 34.2, 
34.2, 24.3, 24.3, 29.6, 29.6, 30, 30, 30, 30, 30, 26.4, 26.4, 
25, 25, 25, 30.4, 30.4, 32, 32, 32, 32, 39.2, 39.2, 15.9, 15.9, 
15.9, 29.9, 29.9, 29.9, 29.9, 25.8, 25.8, 25.8, 25.8, 21.1, 21.1, 
21.1, 21.1, 10.7, 10.7, 10.7, 10.7, 10.7, 30.4, 30.4, 30.4, 30.4, 
30.4, 26.6, 26.6, 26.6, 26.6, 25.9, 25.9, 26.1, 26.1, 5.8, 6.7, 
6.7, 6.7, 2.2, 2.2, 4.5, 4.5, 4.5, 7.5, 7.5, 7.5, 8.4, 8.4, 8.4, 
8.4, 9.6, 9.6, 7.1, 7.1, 7.1, 1.7, 1.7, 1.7, 1.5, 1.5, 1.5, 1.5, 
9.6, 9.6, 9.6, 6.6, 9.3, 9.3, 6.4, 6.4, 5.2, 5.2, 13.8, 13.8, 
13.8, 1, 1, 6.1, 6.1, 6.1, 6.1, 17.3, 17.3, 17.3, 17.3, 17.3, 
15.6, 15.6, 15.6, 17.3, 17.3, 19.9, 19.9, 19.9, 19.9, 19.9, 20.2, 
20.2, 20.2, 20.2, 20.2, 19.4, 19.4, 42.5, 42.5, 42.5, 42.5, 35.8, 
35.8, 35.8, 41.8, 41.8, 20.9, 20.1, 20.1, 20.1, 18.7, 18.7, 17.8, 
18.6, 18.6, 24.3, 39, 39, 19.1, 19.1, 18.7, 18.7, 18.1, 18.1, 
18.1, 18.1, 17.4, 17.4, 17.4, 17.4, 17.4, 17.4, 8.5, 8.5, 8.5, 
8.5, 8.9, 8.9, 15.8, 15.8, 15.8, 15.8, 15.8, 15.8, 19.9, 19.9, 
18.5, 18.5, 18.5, 18.5, 18.5, 12.7, 12.7, 8.1, 8.1, 8.1, 32.5, 
32.5, 32.5, 43.7, 43.7, 38.2, 38.2, 38.2, 38.2, 38.2, 38.2, 16.6, 
16.6, 10.1, 10.1, 10.1, 10.1, 10.1, 27.9, 27.9, 9.2, 27.5, 27.5, 
27.5, 24.7, 24.7, 24.7, 35.7, 35.7, 35.7, 35.7, 35.7, 31.9, 31.9, 
31.9, 31.9, 32.9, 32.9, 32.6, 32.6, 26.8, 26.8, 22, 22, 22, 22, 
22, 30.8, 30.8, 30.8, 30.8, 28.2, 28.2, 22.2, 22.2, 22.2, 22.2, 
22.2, 16.8, 16.8, 14.1, 14.1, 1.6, 1.6, 1.6, 25.1, 25.1, 4.2, 
4.2, 4.2, 1.8, 1.8, 1.8, 1.8, 2.8, 2.8, 3.4, 7.7, 7.7, 7.7, 4.9, 
17.2, 17.2, 17.2, 17.4, 17.4, 17.4, 17.4, 17.4, 19.6, 19.6, 19.6, 
19.6, 19.6, 18.6, 18.6, 18.6, 18.6, 18.6, 18.6, 18.6, 11.6, 11.6, 
17.3, 17.3, 17.3, 35, 35, 5.9, 17.4, 17.4, 31.4, 31.4, 31.4, 
33.4, 33.4, 33.4, 33.4, 33.4, 31, 31, 31, 31, 31, 31, 18.7, 18.7, 
28.5, 28.5, 23.9, 23.9, 23.9, 25.3, 25.3, 25.3, 25.3, 16, 16, 
16, 16, 16, 15.4, 15.4, 9.9, 9.9, 9.9, 50, 50, 50.5, 50.5, 50.5, 
44.3, 44.3, 44.3, 44.3, 44.3, 38.8, 38.8, 38.8, 38.8, 20.7, 20.7, 
20.7, 20.7, 5.9, 21.2, 21.2, 8.9, 7, 7, 7, 7.7, 7.7, 14.6, 14.6
), PctCorn = as.integer(c(15, 15, 19, 19, 19, 19, 19, 19, 21, 
21, 21, 21, 20, 20, 20, 20, 20, 21, 21, 21, 21, 19, 19, 19, 19, 
24, 24, 24, 24, 21, 21, 21, 25, 25, 25, 25, 23, 23, 23, 23, 11, 
11, 11, 11, 22, 22, 23, 23, 23, 23, 23, 27, 27, 33, 33, 33, 33, 
34, 34, 34, 34, 34, 27, 27, 27, 19, 19, 30, 30, 24, 24, 24, 24, 
24, 21, 21, 20, 20, 20, 24, 24, 25, 25, 25, 25, 31, 31, 13, 13, 
13, 24, 24, 24, 24, 25, 25, 25, 25, 19, 19, 19, 19, 13, 13, 13, 
13, 13, 23, 23, 23, 23, 23, 20, 20, 20, 20, 20, 20, 20, 20, 19, 
21, 21, 21, 7, 7, 14, 14, 14, 24, 24, 24, 27, 27, 27, 27, 31, 
31, 23, 23, 23, 6, 6, 6, 3, 3, 3, 3, 30, 30, 30, 21, 11, 11, 
8, 8, 17, 17, 26, 26, 26, 1, 1, 7, 7, 7, 7, 29, 29, 29, 29, 29, 
18, 18, 18, 29, 29, 33, 33, 33, 33, 33, 24, 24, 24, 24, 24, 23, 
23, 43, 43, 43, 43, 36, 36, 36, 42, 42, 35, 33, 33, 33, 31, 31, 
33, 33, 33, 40, 39, 39, 32, 32, 31, 31, 30, 30, 30, 30, 29, 29, 
29, 29, 29, 29, 27, 27, 27, 27, 27, 27, 31, 31, 31, 31, 31, 31, 
33, 33, 31, 31, 31, 31, 31, 10, 10, 5, 5, 5, 26, 26, 26, 35, 
35, 34, 34, 34, 34, 34, 34, 20, 20, 10, 10, 10, 10, 10, 25, 25, 
11, 29, 29, 29, 26, 26, 26, 36, 36, 36, 36, 36, 32, 32, 32, 32, 
33, 33, 33, 33, 27, 27, 22, 22, 22, 22, 22, 31, 31, 31, 31, 28, 
28, 21, 21, 21, 21, 21, 16, 16, 11, 11, 9, 9, 9, 25, 25, 24, 
24, 24, 10, 10, 10, 10, 16, 16, 19, 24, 24, 24, 28, 31, 31, 31, 
31, 31, 31, 31, 31, 32, 32, 32, 32, 32, 31, 31, 31, 31, 31, 31, 
31, 11, 11, 17, 17, 17, 35, 35, 6, 17, 17, 31, 31, 31, 4, 4, 
4, 4, 4, 26, 26, 26, 26, 26, 26, 31, 31, 13, 13, 3, 3, 3, 6, 
6, 6, 6, 23, 23, 23, 23, 23, 11, 11, 1, 1, 1, 40, 40, 40, 40, 
40, 27, 27, 27, 27, 27, 25, 25, 25, 25, 2, 2, 2, 2, 2, 8, 8, 
8, 12, 12, 12, 13, 13, 10, 10)),