"Tbl1one" <-
structure(list(group = structure(as.integer(c(2, 2, 2, 2, 2, 
2, 2, 2, 2, 2, 2, 2, 2, 2, 2, 1, 1, 1, 1, 1, 1, 1, 1, 1, 1, 1, 
1, 1, 1, 1)), .Label = c("Control", "Test"), class = "factor"), 
    obs = c(2, 2, 3.29142460642224, 3.4011033391965, 2, 12.2047289515751, 
    5, 6.57396840722016, 5, 5, 5, 5, 4.69117913878924, 5, 22.4823347183858, 
    1, 1, 1, 1, 1.03288624580868, 1.80633589808633, 2.19457270683617, 
    1, 7.0297034419577, 1, 1, 7.54257034706697, 15.3850976140942, 
    4.04557952864937, 2), cen = as.logical(c(1, 1, 0, 0, 1, 0, 
    1, 0, 1, 1, 1, 1, 0, 1, 0, 1, 1, 1, 1, 0, 0, 0, 1, 0, 1, 
    1, 0, 0, 0, 1))), .Names = c("group", "obs", "cen"), class = "data.frame", row.names = c("1", 
"2", "3", "4", "5", "6", "7", "8", "9", "10", "11", "12", "13", 
"14", "15", "16", "17", "18", "19", "20", "21", "22", "23", "24", 
"25", "26", "27", "28", "29", "30"))
