"AsExample" <-
structure(list(AsLow = as.integer(c(0, 0, 0, 0, 0, 0, 0, 0, 0, 
0, 0, 1, 1, 1, 1, 1, 1, 1, 1, 1, 1, 1, 1, 1)), AsHigh = as.integer(c(1, 
1, 1, 1, 1, 1, 1, 1, 1, 1, 1, 3, 3, 3, 3, 3, 3, 3, 3, 3, 3, 3, 
3, 3)), AsCen = as.logical(c(1, 1, 1, 1, 1, 1, 1, 1, 1, 1, 1, 
1, 1, 1, 1, 1, 1, 1, 1, 1, 1, 1, 1, 1))), .Names = c("AsLow", 
"AsHigh", "AsCen"), class = "data.frame", row.names = c("1", 
"2", "3", "4", "5", "6", "7", "8", "9", "10", "11", "12", "13", 
"14", "15", "16", "17", "18", "19", "20", "21", "22", "23", "24"
))
