"Oahu" <-
structure(list(As = c(1, 1, 1.7, 1, 1, 2, 3.2, 2, 2, 2.8, 2, 
2, 2, 2, 2, 0.7, 0.9, 0.5, 0.5, 0.9, 0.5, 0.7, 0.6, 1.5), AsCen = as.logical(c(1, 
1, 0, 1, 1, 1, 0, 1, 1, 0, 1, 1, 1, 1, 1, 0, 0, 0, 0, 1, 0, 0, 
0, 0))), .Names = c("As", "AsCen"), class = "data.frame", row.names = c("1", 
"2", "3", "4", "5", "6", "7", "8", "9", "10", "11", "12", "13", 
"14", "15", "16", "17", "18", "19", "20", "21", "22", "23", "24"
))
