"SedPb" <-
structure(list(y2001 = as.integer(c(18, 18, 21, 20, 10, 15, 15, 
29, 20, 12, 17, 15, 13, 18, 16, 15, 17, 17, 15, 16, 19, 16, 15, 
18, 18, 22, 16, 26, 26, 14, 16, 13, 14, 8, 12, 11, 13, 9, 18, 
12, 11, 11, 29, 5, 8, 6, 6, 10, 21, 39, 8, 21, 25, 17, 7, 8, 
8, 10, 17, 16, 22, 10, 10, 12, 15, 17, 11, 7, 14, 6, 11, 9, 4, 
8, 13, 8, 6, 4, 7, 8, 4, 9)), y2001Cen = as.logical(c(0, 0, 0, 
0, 0, 0, 0, 0, 0, 0, 0, 0, 0, 0, 0, 0, 0, 0, 0, 0, 0, 0, 0, 0, 
0, 0, 0, 0, 0, 0, 0, 0, 0, 0, 0, 0, 0, 0, 0, 0, 0, 0, 0, 0, 0, 
0, 0, 0, 0, 0, 0, 0, 0, 0, 0, 0, 0, 0, 0, 0, 0, 0, 0, 0, 0, 0, 
0, 0, 0, 0, 0, 0, 0, 0, 0, 0, 0, 1, 0, 0, 0, 0)), y1996 = as.integer(c(16, 
17, 17, 17, 16, 11, 15, 29, 23, 11, 19, 16, 11, 18, 18, 14, 17, 
16, 19, 21, 17, 13, 16, 15, 16, 17, 19, 17, 29, 33, 16, 10, 13, 
9, 14, 20, 19, 10, 17, 14, 11, 13, 28, 5, 5, 5, 4, 17, 18, 24, 
9, 15, 21, 16, 5, 8, 7, 7, 17, 16, 22, 10, 6, 10, 10, 11, 11, 
4, 9, 4, 13, 8, 10, 6, 13, 4, 11, 4, 5, 5, 11, 6)), y1996Cen = as.logical(c(0, 
0, 0, 0, 0, 0, 0, 0, 0, 0, 0, 0, 0, 0, 0, 0, 0, 0, 0, 0, 0, 0, 
0, 0, 0, 0, 0, 0, 0, 0, 0, 0, 0, 0, 0, 0, 0, 0, 0, 0, 0, 0, 0, 
0, 0, 0, 1, 0, 0, 0, 0, 0, 0, 0, 0, 0, 0, 0, 0, 0, 0, 0, 0, 0, 
0, 0, 0, 1, 0, 0, 0, 0, 0, 0, 0, 1, 0, 1, 0, 0, 0, 0)), Lo01to96 = as.integer(c(2, 
1, 4, 3, -6, 4, 0, 0, -3, 1, -2, -1, 2, 0, -2, 1, 0, 1, -4, -5, 
2, 3, -1, 3, 2, 5, -3, 9, -3, -19, 0, 3, 1, -1, -2, -9, -6, -1, 
1, -2, 0, -2, 1, 0, 3, 1, 2, -7, 3, 15, -1, 6, 4, 1, 2, 0, 1, 
3, 0, 0, 0, 0, 4, 2, 5, 6, 0, 3, 5, 2, -2, 1, -6, 2, 0, 4, -5, 
-4, 2, 3, -7, 3)), Hi01to96 = as.integer(c(2, 1, 4, 3, -6, 4, 
0, 0, -3, 1, -2, -1, 2, 0, -2, 1, 0, 1, -4, -5, 2, 3, -1, 3, 
2, 5, -3, 9, -3, -19, 0, 3, 1, -1, -2, -9, -6, -1, 1, -2, 0, 
-2, 1, 0, 3, 1, 6, -7, 3, 15, -1, 6, 4, 1, 2, 0, 1, 3, 0, 0, 
0, 0, 4, 2, 5, 6, 0, 7, 5, 2, -2, 1, -6, 2, 0, 8, -5, 4, 2, 3, 
-7, 3))), .Names = c("y2001", "y2001Cen", "y1996", "y1996Cen", 
"Lo01to96", "Hi01to96"), class = "data.frame", row.names = c("1", 
"2", "3", "4", "5", "6", "7", "8", "9", "10", "11", "12", "13", 
"14", "15", "16", "17", "18", "19", "20", "21", "22", "23", "24", 
"25", "26", "27", "28", "29", "30", "31", "32", "33", "34", "35", 
"36", "37", "38", "39", "40", "41", "42", "43", "44", "45", "46", 
"47", "48", "49", "50", "51", "52", "53", "54", "55", "56", "57", 
"58", "59", "60", "61", "62", "63", "64", "65", "66", "67", "68", 
"69", "70", "71", "72", "73", "74", "75", "76", "77", "78", "79", 
"80", "81", "82"))
