"ShePyrene" <-
structure(list(Pyrene = as.integer(c(28, 31, 32, 34, 35, 35, 
40, 47, 48, 58, 59, 63, 64, 64, 67, 67, 67, 72, 73, 84, 86, 86, 
87, 94, 98, 100, 103, 103, 105, 107, 110, 111, 117, 119, 119, 
122, 122, 132, 133, 133, 138, 163, 163, 163, 163, 174, 187, 190, 
222, 238, 273, 289, 306, 333, 459, 2982)), PyreneCen = c(TRUE, 
FALSE, FALSE, FALSE, TRUE, TRUE, FALSE, FALSE, FALSE, TRUE, FALSE, 
FALSE, FALSE, FALSE, FALSE, FALSE, FALSE, FALSE, FALSE, FALSE, 
FALSE, TRUE, FALSE, FALSE, FALSE, FALSE, FALSE, FALSE, FALSE, 
FALSE, FALSE, FALSE, TRUE, FALSE, FALSE, TRUE, FALSE, FALSE, 
FALSE, FALSE, FALSE, TRUE, TRUE, TRUE, FALSE, TRUE, FALSE, FALSE, 
FALSE, FALSE, FALSE, FALSE, FALSE, FALSE, FALSE, FALSE)), .Names = c("Pyrene", 
"PyreneCen"), row.names = c("1", "2", "3", "4", "5", "6", "7", 
"8", "9", "10", "11", "12", "13", "14", "15", "16", "17", "18", 
"19", "20", "21", "22", "23", "24", "25", "26", "27", "28", "29", 
"30", "31", "32", "33", "34", "35", "36", "37", "38", "39", "40", 
"41", "42", "43", "44", "45", "46", "47", "48", "49", "50", "51", 
"52", "53", "54", "55", "56"), class = "data.frame")
