"Silver" <-
structure(list(Silver1 = c(0.1000000015, 0.1000000015, 0.200000003, 
0.200000003, 0.200000003, 0.200000003, 0.3000000119, 0.5, 0.5, 
1, 1, 1, 1, 1, 1, 1, 1, 1, 1, 2, 2.5, 5, 5, 5, 6, 10, 10, 10, 
10, 10, 20, 20, 20, 25, 0.1000000015, 0.1000000015, 0.200000003, 
0.6999999881, 0.8000000119, 1, 1, 1, 1.200000048, 1.399999976, 
1.5, 2, 2, 2, 2, 2.700000048, 3.200000048, 4.400000095, 5, 10, 
90, 560), Silver1Cen = as.logical(c(1, 1, 1, 1, 1, 1, 1, 1, 1, 
1, 1, 1, 1, 1, 1, 1, 1, 1, 1, 1, 1, 1, 1, 1, 1, 1, 1, 1, 1, 1, 
1, 1, 1, 1, 0, 0, 0, 0, 0, 0, 0, 0, 0, 0, 0, 0, 0, 0, 0, 0, 0, 
0, 0, 0, 0, 0)), Silver0 = c(0, 0, 0, 0, 0, 0, 0, 0, 0, 0, 0, 
0, 0, 0, 0, 0, 0, 0, 0, 0, 0, 0, 0, 0, 0, 0, 0, 0, 0, 0, 0, 0, 
0, 0, 0.1000000015, 0.1000000015, 0.200000003, 0.6999999881, 
0.8000000119, 1, 1, 1, 1.200000048, 1.399999976, 1.5, 2, 2, 2, 
2, 2.700000048, 3.200000048, 4.400000095, 5, 10, 90, 560)), .Names = c("Silver1", 
"Silver1Cen", "Silver0"), class = "data.frame", row.names = c("1", 
"2", "3", "4", "5", "6", "7", "8", "9", "10", "11", "12", "13", 
"14", "15", "16", "17", "18", "19", "20", "21", "22", "23", "24", 
"25", "26", "27", "28", "29", "30", "31", "32", "33", "34", "35", 
"36", "37", "38", "39", "40", "41", "42", "43", "44", "45", "46", 
"47", "48", "49", "50", "51", "52", "53", "54", "55", "56"))
