"TCEReg" <-
structure(list(TCECen = as.logical(c(1, 1, 1, 1, 1, 1, 1, 1, 
0, 1, 1, 0, 1, 0, 1, 1, 0, 0, 1, 1, 0, 0, 1, 1, 1, 1, 1, 1, 1, 
1, 1, 1, 1, 0, 1, 1, 1, 1, 1, 1, 1, 0, 1, 1, 0, 1, 1, 0, 0, 0, 
0, 1, 1, 1, 1, 1, 0, 0, 0, 0, 1, 0, 0, 0, 0, 0, 1, 0, 1, 1, 0, 
1, 0, 0, 1, 1, 0, 1, 0, 0, 1, 1, 0, 0, 0, 0, 0, 0, 0, 0, 0, 0, 
0, 1, 0, 1, 1, 1, 1, 1, 1, 1, 1, 1, 1, 1, 1, 1, 1, 1, 1, 1, 1, 
1, 1, 1, 1, 1, 1, 0, 1, 1, 1, 1, 1, 1, 0, 1, 1, 0, 1, 1, 1, 1, 
1, 0, 1, 1, 1, 1, 1, 1, 1, 1, 1, 0, 1, 1, 1, 1, 1, 1, 1, 1, 1, 
0, 1, 1, 1, 1, 1, 1, 1, 1, 1, 1, 1, 1, 1, 1, 1, 1, 1, 1, 1, 1, 
1, 1, 1, 1, 1, 1, 1, 1, 1, 0, 1, 0, 1, 0, 1, 1, 1, 0, 1, 1, 0, 
1, 1, 1, 1, 1, 1, 1, 1, 1, 1, 1, 1, 1, 1, 1, 1, 1, 1, 1, 1, 1, 
1, 1, 1, 1, 1, 1, 1, 1, 1, 1, 1, 1, 1, 1, 1, 1, 1, 1, 1, 1, 1, 
1, 1, 1, 1, 1, 1, 1, 1)), TCEConc = c(1, 1, 1, 1, 1, 1, 1, 1, 
32, 1, 1, 15, 1, 13, 1, 1, 150, 1, 3, 1, 6, 2, 1, 1, 1, 1, 4, 
1, 1, 1, 1, 1, 1, 72, 1, 1, 1, 1, 1, 1, 4, 7, 1, 1, 1, 1, 1, 
29, 4, 2, 2, 1, 1, 1, 1, 3, 82, 150, 4, 1, 1, 1, 1, 5, 1, 4, 
3, 43, 1, 1, 13, 3, 16, 1, 1, 1, 1, 1, 56, 9, 1, 3, 20, 13, 31, 
2, 22, 69, 4, 2, 2, 1, 73, 1, 4, 2, 2, 2, 2, 2, 2, 2, 2, 2, 2, 
1, 2, 1, 2, 2, 2, 2, 1, 2, 2, 1, 2, 2, 1, 41, 1, 2, 2, 2, 2, 
2, 11, 2, 1, 7, 2, 1, 2, 2, 1, 9, 2, 2, 2, 2, 2, 1, 2, 2, 2, 
2, 2, 2, 2, 2, 2, 2, 2, 2, 2, 382, 2, 2, 2, 2, 4, 2, 2, 2, 2, 
2, 2, 2, 2, 2, 2, 2, 2, 2, 2, 2, 1, 2, 2, 2, 2, 2, 2, 2, 2, 2, 
2, 7.199999809, 2, 130, 5, 5, 2, 4, 5, 5, 7, 5, 5, 2, 2, 5, 5, 
5, 5, 1, 2, 5, 5, 2, 5, 5, 5, 2, 2, 5, 5, 5, 5, 5, 5, 2, 2, 5, 
2, 5, 2, 2, 2, 2, 5, 5, 2, 5, 5, 2, 2, 2, 2, 2, 2, 5, 4, 2, 2, 
2, 2), LandUse = as.integer(c(9, 8, 8, 5, 5, 9, 5, 9, 9, 9, 9, 
8, 9, 9, 9, 5, 8, 8, 9, 9, 8, 9, 8, 8, 5, 8, 9, 9, 8, 5, 5, 5, 
8, 8, 9, 9, 9, 9, 9, 9, 9, 9, 9, 9, 9, 9, 5, 9, 9, 9, 9, 9, 9, 
9, 8, 9, 9, 8, 9, 9, 9, 9, 8, 8, 9, 9, 9, 9, 9, 9, 9, 9, 9, 8, 
9, 9, 9, 9, 8, 9, 9, 9, 9, 9, 9, 9, 9, 9, 8, 9, 9, 9, 9, 9, 9, 
8, 8, 8, 8, 8, 8, 8, 8, 9, 9, 8, 8, 8, 5, 8, 8, 8, 9, 8, 9, 8, 
9, 8, 8, 8, 5, 8, 8, 8, 8, 8, 9, 8, 9, 8, 8, 8, 8, 9, 9, 8, 8, 
8, 9, 8, 8, 8, 8, 8, 5, 8, 8, 8, 8, 5, 8, 5, 9, 5, 8, 8, 8, 8, 
8, 8, 8, 8, 8, 8, 8, 8, 8, 8, 5, 8, 5, 8, 8, 8, 8, 5, 8, 8, 8, 
8, 8, 8, 8, 8, 8, 5, 8, 9, 8, 9, 8, 9, 8, 5, 8, 8, 8, 9, 9, 8, 
8, 8, 8, 8, 9, 8, 9, 5, 8, 5, 8, 9, 9, 5, 8, 8, 8, 8, 8, 8, 8, 
8, 8, 8, 8, 8, 9, 8, 8, 8, 8, 9, 8, 9, 8, 8, 8, 8, 8, 8, 5, 9, 
8, 8, 9, 5, 8)), PopDensity = as.integer(c(9, 3, 3, 1, 2, 13, 
5, 8, 11, 11, 13, 11, 11, 14, 11, 6, 6, 3, 11, 6, 11, 14, 5, 
8, 3, 5, 11, 9, 14, 1, 2, 1, 6, 6, 14, 11, 11, 1, 11, 6, 11, 
6, 9, 11, 8, 8, 1, 11, 11, 11, 9, 11, 1, 1, 6, 17, 6, 2, 13, 
9, 9, 9, 11, 6, 6, 9, 17, 13, 9, 19, 9, 5, 5, 2, 14, 11, 9, 11, 
8, 11, 11, 9, 9, 9, 9, 11, 11, 11, 8, 6, 6, 9, 9, 13, 13, 8, 
1, 1, 1, 1, 3, 3, 3, 1, 2, 1, 1, 1, 1, 2, 1, 2, 3, 3, 5, 8, 1, 
8, 8, 5, 5, 3, 2, 1, 2, 8, 3, 2, 6, 2, 8, 8, 5, 1, 3, 5, 1, 3, 
3, 5, 5, 3, 2, 5, 6, 6, 5, 5, 8, 6, 3, 3, 3, 2, 5, 5, 2, 2, 3, 
2, 6, 8, 6, 6, 8, 1, 2, 3, 6, 3, 2, 5, 2, 6, 8, 5, 6, 5, 5, 5, 
5, 5, 5, 3, 3, 5, 2, 9, 3, 9, 6, 8, 5, 5, 3, 3, 8, 5, 3, 3, 5, 
8, 5, 5, 2, 3, 3, 3, 5, 5, 3, 5, 2, 1, 5, 5, 5, 3, 6, 6, 6, 3, 
1, 2, 2, 5, 5, 1, 1, 1, 2, 3, 2, 2, 1, 6, 3, 1, 5, 2, 3, 5, 8, 
5, 3, 2, 2)), PctIndLU = as.integer(c(10, 4, 4, 3, 1, 5, 25, 
1, 3, 0, 0, 0, 3, 7, 3, 1, 6, 4, 0, 3, 0, 6, 2, 3, 4, 2, 0, 5, 
2, 0, 0, 3, 6, 6, 0, 6, 3, 1, 6, 2, 0, 5, 4, 3, 1, 1, 0, 3, 3, 
3, 0, 3, 0, 0, 17, 5, 9, 1, 0, 0, 6, 18, 0, 9, 15, 4, 5, 19, 
8, 4, 10, 6, 6, 1, 6, 0, 0, 0, 1, 3, 3, 0, 0, 0, 0, 3, 3, 3, 
1, 5, 5, 18, 18, 19, 19, 2, 4, 9, 9, 9, 1, 1, 0, 0, 0, 0, 0, 
0, 0, 0, 0, 0, 0, 1, 0, 2, 0, 1, 3, 2, 2, 0, 3, 2, 3, 5, 0, 3, 
1, 4, 5, 3, 11, 0, 0, 2, 0, 2, 0, 3, 3, 6, 5, 0, 4, 4, 0, 0, 
7, 4, 6, 1, 1, 2, 11, 1, 9, 9, 2, 1, 4, 7, 1, 1, 1, 0, 1, 2, 
4, 6, 0, 2, 1, 3, 7, 2, 4, 0, 17, 17, 6, 6, 2, 0, 0, 2, 3, 1, 
1, 1, 9, 1, 0, 1, 0, 8, 1, 0, 11, 0, 0, 1, 0, 0, 9, 1, 2, 1, 
2, 1, 1, 5, 1, 0, 5, 2, 0, 0, 6, 6, 1, 1, 0, 0, 0, 0, 17, 0, 
9, 0, 0, 10, 2, 11, 0, 3, 6, 0, 0, 1, 0, 17, 8, 2, 2, 2, 0)), 
    Depth = as.integer(c(103, 142, 209, 140, 218, 98, 68, 43, 
    69, 32, 24, 89, 85, 89, 93, 232, 177, 207, 142, 251, 154, 
    90, 93, 300, 243, 95, 61, 19, 62, 375, 230, 168, 168, 168, 
    45, 24, 24, 24, 64, 41, 61, 111, 48, 40, 47, 65, 111, 51, 
    45, 51, 46, 42, 33, 68, 78, 57, 62, 43, 45, 51, 94, 86, 46, 
    73, 105, 74, 69, 80, 67, 109, 100, 69, 54, 58, 60, 34, 26, 
    26, 56, 50, 50, 50, 31, 85, 120, 42, 74, 120, 45, 99, 105, 
    66, 64, 63, 62, 200, 60, 27, 50, 33, 104, 104, 60, 162, 160, 
    85, 121, 90, 111, 147, 110, 157, 147, 103, 517, 259, 174, 
    263, 126, 160, 552, 116, 508, 125, 504, 128, 264, 124, 164, 
    604, 130, 117, 251, 163, 155, 178, 101, 201, 166, 303, 295, 
    140, 200, 125, 615, 110, 149, 182, 600, 602, 140, 600, 165, 
    445, 446, 185, 150, 150, 135, 123, 110, 560, 245, 234, 153, 
    80, 120, 132, 608, 147, 320, 349, 733, 173, 694, 176, 106, 
    615, 454, 485, 463, 273, 150, 270, 253, 173, 533, 78, 50, 
    80, 56, 36, 205, 25, 125, 146, 137, 114, 90, 85, 313, 81, 
    36, 91, 56, 605, 51, 239, 108, 65, 133, 137, 92, 27, 279, 
    51, 100, 95, 38, 100, 138, 55, 52, 61, 75, 35, 80, 148, 51, 
    42, 142, 41, 316, 47, 57, 169, 173, 66, 543, 161, 333, 47, 
    594, 373, 479, 600, 268)), PopAbv1 = as.integer(c(1, 1, 1, 
    1, 1, 1, 1, 1, 1, 1, 1, 1, 1, 1, 1, 1, 1, 1, 1, 1, 1, 1, 
    1, 1, 1, 1, 1, 1, 1, 1, 1, 1, 1, 1, 1, 1, 1, 1, 1, 1, 1, 
    1, 1, 1, 1, 1, 1, 1, 1, 1, 1, 1, 1, 1, 1, 1, 1, 1, 1, 1, 
    1, 1, 1, 1, 1, 1, 1, 1, 1, 1, 1, 1, 1, 1, 1, 1, 1, 1, 1, 
    1, 1, 1, 1, 1, 1, 1, 1, 1, 1, 1, 1, 1, 1, 1, 1, 1, 1, 1, 
    1, 1, 1, 1, 1, 1, 1, 1, 1, 1, 1, 1, 1, 1, 1, 1, 1, 1, 1, 
    1, 1, 1, 1, 1, 1, 1, 1, 1, 1, 1, 1, 1, 1, 1, 1, 1, 1, 1, 
    1, 1, 1, 1, 1, 1, 1, 1, 1, 1, 1, 1, 1, 1, 1, 1, 1, 1, 1, 
    1, 1, 1, 1, 1, 1, 1, 1, 1, 1, 1, 1, 1, 1, 1, 1, 1, 1, 1, 
    1, 1, 1, 1, 1, 1, 1, 1, 1, 1, 1, 1, 1, 1, 1, 1, 1, 1, 1, 
    1, 1, 1, 1, 1, 1, 1, 1, 1, 1, 1, 1, 1, 1, 1, 1, 1, 1, 1, 
    1, 1, 1, 1, 1, 1, 1, 1, 1, 1, 1, 1, 1, 1, 1, 1, 1, 1, 1, 
    1, 1, 1, 1, 1, 1, 1, 1, 1, 1, 1, 1, 1, 1, 1, 1))), .Names = c("TCECen", 
"TCEConc", "LandUse", "PopDensity", "PctIndLU", "Depth", "PopAbv1"
), class = "data.frame", row.names = c("1", "2", "3", "4", "5", 
"6", "7", "8", "9", "10", "11", "12", "13", "14", "15", "16", 
"17", "18", "19", "20", "21", "22", "23", "24", "25", "26", "27", 
"28", "29", "30", "31", "32", "33", "34", "35", "36", "37", "38", 
"39", "40", "41", "42", "43", "44", "45", "46", "47", "48", "49", 
"50", "51", "52", "53", "54", "55", "56", "57", "58", "59", "60", 
"61", "62", "63", "64", "65", "66", "67", "68", "69", "70", "71", 
"72", "73", "74", "75", "76", "77", "78", "79", "80", "81", "82", 
"83", "84", "85", "86", "87", "88", "89", "90", "91", "92", "93", 
"94", "95", "96", "97", "98", "99", "100", "101", "102", "103", 
"104", "105", "106", "107", "108", "109", "110", "111", "112", 
"113", "114", "115", "116", "117", "118", "119", "120", "121", 
"122", "123", "124", "125", "126", "127", "128", "129", "130", 
"131", "132", "133", "134", "135", "136", "137", "138", "139", 
"140", "141", "142", "143", "144", "145", "146", "147", "148", 
"149", "150", "151", "152", "153", "154", "155", "156", "157", 
"158", "159", "160", "161", "162", "163", "164", "165", "166", 
"167", "168", "169", "170", "171", "172", "173", "174", "175", 
"176", "177", "178", "179", "180", "181", "182", "183", "184", 
"185", "186", "187", "188", "189", "190", "191", "192", "193", 
"194", "195", "196", "197", "198", "199", "200", "201", "202", 
"203", "204", "205", "206", "207", "208", "209", "210", "211", 
"212", "213", "214", "215", "216", "217", "218", "219", "220", 
"221", "222", "223", "224", "225", "226", "227", "228", "229", 
"230", "231", "232", "233", "234", "235", "236", "237", "238", 
"239", "240", "241", "242", "243", "244", "245", "246", "247"
))
