"Thames" <-
structure(list(Species = structure(as.integer(c(2, 2, 2, 2, 2, 
4, 4, 4, 4, 4, 4, 4, 4, 4, 4, 1, 1, 1, 1, 3, 3, 3, 3, 3, 3, 4, 
4, 4, 4, 4, 4)), .Label = c("Dace", "Perch", "Pike", "Roach"), class = "factor"), 
    River = structure(as.integer(c(1, 1, 1, 1, 1, 1, 1, 1, 1, 
    1, 3, 3, 3, 3, 3, 3, 3, 3, 3, 2, 2, 2, 2, 2, 2, 2, 2, 2, 
    2, 2, 2)), .Label = c("Ray", "Thames", "Windrush"), class = "factor"), 
    Site = structure(as.integer(c(4, 4, 4, 4, 4, 4, 4, 4, 4, 
    4, 1, 1, 1, 1, 1, 1, 1, 1, 1, 3, 3, 3, 3, 3, 3, 2, 2, 2, 
    2, 2, 2)), .Label = c("Burford", "HanningtonBridge", "Northmoor", 
    "Swindon"), class = "factor"), Dieldrin = c(0.527, 0.985, 
    0.55, 0.641, 0.527, 0.09, 0.395, 0.691, 1.579, 1.184, 0.296, 
    0.461, 0.757, 0.691, 0.329, 1.02, 0.329, 0.658, 0.592, 0.09, 
    0.09, 0.09, 0.09, 0.09, 0.09, 0.724, 0.493, 0.296, 0.461, 
    0.362, 0.09), Lindane = c(0.08, 0.183, 0.16, 0.08, 0.08, 
    0.08, 0.08, 0.23, 0.329, 0.296, 0.08, 0.08, 0.08, 0.08, 0.08, 
    0.23, 0.08, 0.08, 0.08, 0.08, 0.08, 0.08, 0.08, 0.08, 0.08, 
    0.08, 0.08, 0.08, 0.08, 0.08, 0.08), PCB = c(0.77, 2.336, 
    1.168, 1.237, 2.565, 1.645, 2.04, 5.922, 4.902, 2.073, 0.77, 
    0.77, 0.77, 0.77, 0.77, 0.77, 0.77, 0.77, 0.77, 1.893, 0.77, 
    0.77, 0.77, 1.81, 0.77, 1.777, 4.047, 0.77, 1.744, 5.659, 
    0.77), DielCen = as.logical(c(0, 0, 0, 0, 0, 1, 0, 0, 0, 
    0, 0, 0, 0, 0, 0, 0, 0, 0, 0, 1, 1, 1, 1, 1, 1, 0, 0, 0, 
    0, 0, 1)), LindCen = as.logical(c(1, 0, 0, 1, 1, 1, 1, 0, 
    0, 0, 1, 1, 1, 1, 1, 0, 1, 1, 1, 1, 1, 1, 1, 1, 1, 1, 1, 
    1, 1, 1, 1)), PCBCen = as.logical(c(1, 0, 0, 0, 0, 0, 0, 
    0, 0, 0, 1, 1, 1, 1, 1, 1, 1, 1, 1, 0, 1, 1, 1, 0, 1, 0, 
    0, 1, 0, 0, 1))), .Names = c("Species", "River", "Site", 
"Dieldrin", "Lindane", "PCB", "DielCen", "LindCen", "PCBCen"), class = "data.frame", row.names = c("1", 
"2", "3", "4", "5", "6", "7", "8", "9", "10", "11", "12", "13", 
"14", "15", "16", "17", "18", "19", "20", "21", "22", "23", "24", 
"25", "26", "27", "28", "29", "30", "31"))
